1787986301209 0.615866388308977 1
1787986301257 0.5720250521920668 2
1787986301302 0.5260960334029228 3
1787986301346 0.6356993736951984 4
1787986301388 0.6586638830897703 5
1787986301428 0.7202505219206681 6
1787986301467 0.7526096033402923 7
1787986301507 0.7453027139874739 8
1787986301546 0.6805845511482255 9
1787986301586 0.7306889352818372 10
1787986301640 0.7192066805845512 11
1787986301683 0.7651356993736952 12
1787986301730 0.767223382045929 13
1787986301770 0.7588726513569938 14
1787986301808 0.7494780793319415 15
1787986301847 0.7901878914405011 16
1787986301886 0.7891440501043842 17
1787986301926 0.791231732776618 18
1787986302061 0.7651356993736952 0
