1787986301209 7.765248515993292 1
1787986301257 11.044972761418258 2
1787986301302 8.40973971105818 3
1787986301346 6.696066156472699 4
1787986301388 3.1802654910185084 5
1787986301428 2.2442216464319302 6
1787986301467 2.0453115894546 7
1787986301507 0.8115965879606849 8
1787986301546 1.3273286622754232 9
1787986301586 0.7400839705978982 10
1787986301640 0.846431152450689 11
1787986301683 0.582263380863512 12
1787986301730 0.5648181656491856 13
1787986301770 0.563524488486741 14
1787986301808 0.5587053957092746 15
1787986301847 0.5349245284639267 16
1787986301886 0.5223094732069206 17
1787986301926 0.5190894139704725 18
1787986302061 0.582263380863512 0
